tensor_sequential1dense1BiasAddReadVariableOp0 5
0.67720902 -0.069714874 -0.694897473 -0.390859604 -0.520138502
tensor_sequential1dense12CastReadVariableOp0 50
0.423877656 0.00515525788 -0.0492455959 0.0618200749 0.954318166 -0.604066908 0.720992923 0.797571242 0.188263789 0.821694672 0.0712498724 -1.47822523 -0.0212162137 -0.74622488 -0.798371017 -0.768375695 -0.531521499 -0.0368613712 -0.179116294 0.0123269027 0.983402967 0.564578056 -0.296996564 -1.52724409 -0.7494542 0.185713574 0.663779736 0.236173511 -1.05086386 0.494367659 -0.369194329 0.0828162059 -0.342357725 0.472442687 1.30193877 0.348389268 -0.699540198 -1.2993387 0.42568168 0.99106276 -0.429250211 -1.27230895 -0.330463171 -0.248296201 1.03471065 -0.0554589368 -0.583253503 -0.0872679353 0.451856405 -1.0176909
tensor_sequential1dense12BiasAddReadVariableOp0 10
0.360056847 0.393950015 0 0.914983153 -0.501553297 -0.233833224 0.253284663 0.0172187667 0.731160939 0.163516104
tensor_sequential1dense21BiasAddReadVariableOp0 5
0.347450912 0.387974828 -0.184288666 -0.10895285 0.235439435
tensor_sequential1dense1CastReadVariableOp0 20
1.28559923 2.32776809 2.48449874 -0.832492709 -0.711716473 -0.254594088 0.0412935913 -0.0256965607 -0.28075251 0.273529559 0.619013488 -0.114196911 0.06435287 -4.25883675 -5.56657028 -0.356506407 -0.542718291 0.180514976 -2.02528548 0.602497101
tensor_sequential1dense21CastReadVariableOp0 50
0.782625318 0.205530673 -0.229301631 -0.530559421 1.08883691 -0.696652055 -0.829344809 0.399743646 -0.416170895 -1.41417921 -0.576976597 0.318252385 0.397290647 -0.38962242 -0.126767218 3.39918113 0.797734439 0.49670127 -0.0584926009 2.68833351 -0.91740644 -2.2402432 -0.672245562 0.0128413225 -0.707842648 0.307995051 -0.036977753 0.519744575 0.22346288 -0.360910714 0.824952066 0.168633327 -0.547800422 0.0286999047 -0.00679685175 0.0468300357 -0.18069458 -0.427938163 -0.396098584 0.859228551 -1.05733216 -2.06048298 -0.579410791 -0.375878483 -0.973983347 0.0930191353 0.818828642 0.291658878 0.354209214 0.44286707
tensor_sequential1dense31AddReadVariableOp0 1
-8.2496891
tensor_sequential1dense31CastReadVariableOp0 5
2.08103108 1.69884634 -0.421817899 -0.895168364 1.36597729
