tensor_sequential1dense1BiasAddReadVariableOp0 5
0.296442598 0.130934328 0.796774447 -0.161082864 -0.669059753
tensor_sequential1dense12CastReadVariableOp0 50
-0.263297707 -0.627169788 0.108072631 0.166732937 -0.302872956 0.845405102 -0.15674004 -0.178249761 0.813528419 -1.23151958 -0.370628029 0.205940425 -0.517627656 0.157761514 0.221123219 0.538663268 1.28273451 0.284771889 0.500163734 0.367241174 -0.402703315 -0.285912514 -0.943234265 0.549786985 1.1760639 0.45473814 0.257922381 0.903689802 0.656252444 0.392166287 0.231510401 -0.0255245566 0.423116982 -0.358809352 -0.139006495 -1.24120593 -0.294975758 -0.386412144 -0.929680169 1.80311346 -0.285060823 -0.335321605 -0.896101713 -0.841302097 -0.803813815 0.16784966 -0.675456405 -1.02836204 -0.561493993 0.120207846
tensor_sequential1dense12BiasAddReadVariableOp0 10
-0.0468449555 0 0.31832996 0.521346271 0.49652648 0.290650487 0.197964117 0.821208298 0.629150033 -0.169647634
tensor_sequential1dense21BiasAddReadVariableOp0 5
-0.103341818 0.130309239 0 -0.0911359861 -0.144886106
tensor_sequential1dense1CastReadVariableOp0 20
-0.0139935277 0.597164571 -0.36427933 0.661342323 -0.314582944 0.100639366 -2.14776254 -0.965957284 -0.0170544684 0.618828833 4.69211578 0.408776402 0.73441273 -12.3609724 -0.0963695347 0.0462404191 -0.289286435 -0.0770518556 0.107863896 0.976986945
tensor_sequential1dense21CastReadVariableOp0 50
-0.428228676 -0.196020752 0.296792269 -0.32875976 -0.282361776 0.434512198 -0.0630832314 0.234628081 -0.215391904 -0.148419946 -0.0281477384 -0.938955486 -0.27343291 0.474555939 -0.172051549 -0.222362489 0.187565386 -0.335232764 0.791280448 0.377582848 0.476261675 0.579089284 -0.609609008 1.60545015 0.750715971 -1.64385617 -0.558009207 -0.0746522546 -0.288310438 0.275039971 0.502504945 -0.404787272 -0.0542599559 0.505141497 1.24878526 0.744935334 0.0631927103 -0.565043747 1.50154686 1.14635301 -1.44573522 -1.41236174 -0.528061807 0.63451612 0.110894181 1.33231199 0.945146859 -0.143883616 0.133827254 0.0863879248
tensor_sequential1dense31AddReadVariableOp0 1
-1.72052717
tensor_sequential1dense31CastReadVariableOp0 5
-1.39929008 -1.63813663 -0.928137064 0.783930063 0.44133544
